,Predicted,Actual,Error
0,2482.178075855685,2498.0,-15.821924144314835
1,2563.943687943247,2532.1,31.843687943247005
2,2645.7093000308378,2714.5,-68.79069996916223
3,2727.4749121183995,2791.7,-64.2250878816003
4,2809.2405242059613,2858.8,-49.55947579403892
5,2891.006136293552,2943.1,-52.09386370644779
6,2972.771748381114,2944.0,28.771748381113866
7,3054.5373604687047,3030.2,24.3373604687049
8,3136.3029725562665,2923.8,212.5029725562663
9,3218.068584643828,3025.0,193.06858464382822
10,3299.834196731419,3164.1000000000004,135.7341967314187
11,3381.599808818981,3192.0,189.59980881898082
12,3463.3654209065717,3305.7000000000003,157.6654209065714
13,3545.1310329941334,3410.5,134.63103299413342
14,3626.896645081695,3609.4000000000005,17.496645081694624
15,3708.662257169286,3716.9,-8.237742830714069
16,3790.4278692568478,3719.5000000000005,70.92786925684732
17,3872.1934813444386,3763.4,108.79348134443853
18,3953.9590934320004,3841.3,112.65909343200019
19,4035.724705519562,3930.7,105.0247055195623
20,4117.490317607153,4109.5,7.990317607152974
21,4199.255929694715,4236.8,-37.54407030528546
22,4281.021541782306,4331.599999999999,-50.57845821769388
23,4362.787153869867,4498.9,-136.1128461301323
24,4444.552765957429,4608.3,-163.7472340425711
25,4526.31837804502,4696.9,-170.5816219549797
26,4608.083990132582,4742.9,-134.81600986741796
27,4689.849602220143,4852.5,-162.65039777985658
28,4771.615214307734,4862.7,-91.08478569226554
29,4853.380826395296,5006.2,-152.8191736047038
30,4935.146438482887,5119.9,-184.75356151711276
31,5016.912050570449,5263.299999999999,-246.38794942955064
32,5098.67766265801,5436.799999999999,-338.1223373419889
33,5180.443274745601,5450.7,-270.2567252543986
34,5262.208886833163,5604.200000000001,-341.99111316683775
35,5343.974498920754,5540.400000000001,-196.42550107924671
36,5425.740111008316,5609.7,-183.95988899168424
37,5507.505723095877,5597.0,-89.49427690412267
38,5589.271335183468,5583.6,5.671335183467818
39,5671.03694727103,5546.9,124.1369472710303
40,5752.802559358621,5561.0,191.80255935862078
41,5834.5681714461825,5696.0,138.56817144618253
42,5916.333783533744,5741.8,174.5337835337441
43,5998.099395621335,5804.900000000001,193.1993956213346
44,6079.865007708897,5795.4,284.46500770889725
45,6161.630619796488,5595.0,566.6306197964877
